9784088821504,1
9784065177648
9784088818153
9784088820743
9784088821030
9784065175439
9784087034851
9784088807232
9784088807553
9784088807959
9784088808260
9784088810263
9784088810768
9784088811932
9784088812120
9784088813554
9784088813998
9784088816265
9784088816951
9784088817996
9784088818672
9784088820804
9784088816241
9784063958157
9784088822327
9784088818955
9784065173671
9784088806693
9784088906379
9784088822044,1
9784091295491
9784088821412
9784088812830
9784088815404
9784065181720
9784091297099
9784088822068
9784065184547
9784088821719
9784098708611,2
9784799746707
9784592216889
9784047360310
9784098707997
9784041070710
9784098703715
9784758034661
9784088442488,2
9784088442495
9784592217688
9784592220121
9784047357341,3
9784815605339
9784049128505
9784815603335
9784040643298
9784798621241
9784074424207
9784815605353
9784074011766
9784049126679
9784049128918
9784094517811
9784049125245
9784040734026
9784040640075